30	0	0	1	0	0	1	0	0.0642482
30	0	0	1	0	0	0	0.0642482	0.0863928
30	0	0	1	0	0	1	0.0863928	0.106215
30	0	0	1	0	0	0	0.106215	0.22637
30	0	0	1	0	0	1	0.22637	0.325418
30	0	0	1	0	0	0	0.325418	0.394779
30	0	0	1	0	0	1	0.394779	0.467349
30	0	0	1	0	0	0	0.467349	0.549041
30	0	0	1	0	0	1	0.549041	1
30	0	0	1	0	1	0	0	0.579278
30	0	0	1	0	1	1	0.579278	1
30	0	0	2	0	0	0	0	0.00160978
30	0	0	2	0	0	1	0.00160978	0.00756275
30	0	0	2	0	0	0	0.00756275	0.405718
30	0	0	2	0	0	1	0.405718	0.460521
30	0	0	2	0	0	0	0.460521	0.661443
30	0	0	2	0	0	1	0.661443	0.97894
30	0	0	2	0	0	0	0.97894	1
30	0	0	2	0	1	1	0	0.0964216
30	0	0	2	0	1	0	0.0964216	0.13472
30	0	0	2	0	1	1	0.13472	0.709402
30	0	0	2	0	1	0	0.709402	1
30	0	0	3	0	0	0	0	0.571122
30	0	0	3	0	0	1	0.571122	1
30	0	0	3	0	1	1	0	0.0617241
30	0	0	3	0	1	0	0.0617241	0.0940062
30	0	0	3	0	1	1	0.0940062	1
30	0	0	4	0	0	0	0	0.00533178
30	0	0	4	0	0	1	0.00533178	0.0777658
30	0	0	4	0	0	0	0.0777658	0.202469
30	0	0	4	0	0	1	0.202469	0.268964
30	0	0	4	0	0	0	0.268964	0.795455
30	0	0	4	0	0	1	0.795455	0.82906
30	0	0	4	0	0	0	0.82906	0.910326
30	0	0	4	0	0	1	0.910326	0.970373
30	0	0	4	0	0	0	0.970373	1
30	0	0	4	0	1	0	0	0.0443099
30	0	0	4	0	1	1	0.0443099	0.239763
30	0	0	4	0	1	0	0.239763	0.267533
30	0	0	4	0	1	1	0.267533	0.578605
30	0	0	4	0	1	0	0.578605	0.813922
30	0	0	4	0	1	1	0.813922	0.905599
30	0	0	4	0	1	0	0.905599	1
30	0	0	5	0	0	0	0	0.234856
30	0	0	5	0	0	1	0.234856	0.242933
30	0	0	5	0	0	0	0.242933	0.480465
30	0	0	5	0	0	1	0.480465	0.495547
30	0	0	5	0	0	0	0.495547	0.52752
30	0	0	5	0	0	1	0.52752	0.658547
30	0	0	5	0	0	0	0.658547	0.700944
30	0	0	5	0	0	1	0.700944	0.711803
30	0	0	5	0	0	0	0.711803	0.777289
30	0	0	5	0	0	1	0.777289	0.810649
30	0	0	5	0	0	0	0.810649	0.88118
30	0	0	5	0	0	1	0.88118	1
30	0	0	5	0	1	0	0	0.52752
30	0	0	5	0	1	1	0.52752	0.681315
30	0	0	5	0	1	0	0.681315	0.795455
30	0	0	5	0	1	1	0.795455	0.82906
30	0	0	5	0	1	0	0.82906	1
30	0	0	6	0	0	1	0	0.109554
30	0	0	6	0	0	0	0.109554	0.830269
30	0	0	6	0	0	1	0.830269	0.963175
30	0	0	6	0	0	0	0.963175	1
30	0	0	6	0	1	0	0	0.220006
30	0	0	6	0	1	1	0.220006	0.24059
30	0	0	6	0	1	0	0.24059	0.353815
30	0	0	6	0	1	1	0.353815	0.383276
30	0	0	6	0	1	0	0.383276	0.573381
30	0	0	6	0	1	1	0.573381	0.842074
30	0	0	6	0	1	0	0.842074	0.996869
30	0	0	6	0	1	1	0.996869	1
30	0	0	7	0	0	0	0	1
30	0	0	7	0	1	1	0	0.127326
30	0	0	7	0	1	0	0.127326	0.273465
30	0	0	7	0	1	1	0.273465	0.4023
30	0	0	7	0	1	0	0.4023	0.739502
30	0	0	7	0	1	1	0.739502	0.981944
30	0	0	7	0	1	0	0.981944	1
30	0	0	8	0	0	1	0	0.0137037
30	0	0	8	0	0	0	0.0137037	0.0398644
30	0	0	8	0	0	1	0.0398644	0.0752152
30	0	0	8	0	0	0	0.0752152	0.118769
30	0	0	8	0	0	1	0.118769	0.328402
30	0	0	8	0	0	0	0.328402	1
30	0	0	8	0	1	0	0	0.059227
30	0	0	8	0	1	1	0.059227	0.0635596
30	0	0	8	0	1	0	0.0635596	0.0879224
30	0	0	8	0	1	1	0.0879224	0.149899
30	0	0	8	0	1	0	0.149899	0.432264
30	0	0	8	0	1	1	0.432264	0.454696
30	0	0	8	0	1	0	0.454696	0.891489
30	0	0	8	0	1	1	0.891489	0.947122
30	0	0	8	0	1	0	0.947122	1
30	0	0	9	0	0	1	0	0.0529265
30	0	0	9	0	0	0	0.0529265	0.129634
30	0	0	9	0	0	1	0.129634	0.183212
30	0	0	9	0	0	0	0.183212	0.257459
30	0	0	9	0	0	1	0.257459	0.588118
30	0	0	9	0	0	0	0.588118	1
30	0	0	9	0	1	0	0	0.0713391
30	0	0	9	0	1	1	0.0713391	0.325418
30	0	0	9	0	1	0	0.325418	0.408389
30	0	0	9	0	1	1	0.408389	0.461968
30	0	0	9	0	1	0	0.461968	0.654241
30	0	0	9	0	1	1	0.654241	0.744139
30	0	0	9	0	1	0	0.744139	0.894705
30	0	0	9	0	1	1	0.894705	1
30	0	0	10	0	0	0	0	0.0215007
30	0	0	10	0	0	1	0.0215007	0.177149
30	0	0	10	0	0	0	0.177149	0.351994
30	0	0	10	0	0	1	0.351994	0.650079
30	0	0	10	0	0	0	0.650079	0.753613
30	0	0	10	0	0	1	0.753613	0.779747
30	0	0	10	0	0	0	0.779747	0.973047
30	0	0	10	0	0	1	0.973047	1
30	0	0	10	0	1	1	0	0.000923733
30	0	0	10	0	1	0	0.000923733	0.0848167
30	0	0	10	0	1	1	0.0848167	0.428177
30	0	0	10	0	1	0	0.428177	0.500282
30	0	0	10	0	1	1	0.500282	0.669533
30	0	0	10	0	1	0	0.669533	0.673735
30	0	0	10	0	1	1	0.673735	0.946167
30	0	0	10	0	1	0	0.946167	1
30	0	0	11	0	0	1	0	0.0442077
30	0	0	11	0	0	0	0.0442077	0.289643
30	0	0	11	0	0	1	0.289643	0.662046
30	0	0	11	0	0	0	0.662046	0.771501
30	0	0	11	0	0	1	0.771501	0.776886
30	0	0	11	0	0	0	0.776886	1
30	0	0	11	0	1	1	0	0.0964216
30	0	0	11	0	1	0	0.0964216	0.13472
30	0	0	11	0	1	1	0.13472	0.870174
30	0	0	11	0	1	0	0.870174	0.991423
30	0	0	11	0	1	1	0.991423	1
30	0	0	12	0	0	1	0	0.0766989
30	0	0	12	0	0	0	0.0766989	0.229791
30	0	0	12	0	0	1	0.229791	0.299243
30	0	0	12	0	0	0	0.299243	0.404637
30	0	0	12	0	0	1	0.404637	0.426273
30	0	0	12	0	0	0	0.426273	1
30	0	0	12	0	1	0	0	0.128598
30	0	0	12	0	1	1	0.128598	0.902642
30	0	0	12	0	1	0	0.902642	0.976275
30	0	0	12	0	1	1	0.976275	1
30	0	0	13	0	0	0	0	0.38331
30	0	0	13	0	0	1	0.38331	0.400464
30	0	0	13	0	0	0	0.400464	0.465359
30	0	0	13	0	0	1	0.465359	0.514947
30	0	0	13	0	0	0	0.514947	0.520282
30	0	0	13	0	0	1	0.520282	0.529639
30	0	0	13	0	0	0	0.529639	0.661443
30	0	0	13	0	0	1	0.661443	0.763627
30	0	0	13	0	0	0	0.763627	1
30	0	0	13	0	1	1	0	0.0449987
30	0	0	13	0	1	0	0.0449987	0.0805888
30	0	0	13	0	1	1	0.0805888	0.180516
30	0	0	13	0	1	0	0.180516	0.202419
30	0	0	13	0	1	1	0.202419	0.357545
30	0	0	13	0	1	0	0.357545	0.487543
30	0	0	13	0	1	1	0.487543	0.592439
30	0	0	13	0	1	0	0.592439	0.712724
30	0	0	13	0	1	1	0.712724	0.742332
30	0	0	13	0	1	0	0.742332	0.985111
30	0	0	13	0	1	1	0.985111	1
30	0	0	14	0	0	0	0	0.0294964
30	0	0	14	0	0	1	0.0294964	0.192075
30	0	0	14	0	0	0	0.192075	0.220006
30	0	0	14	0	0	1	0.220006	0.24059
30	0	0	14	0	0	0	0.24059	0.406096
30	0	0	14	0	0	1	0.406096	1
30	0	0	14	0	1	1	0	0.695127
30	0	0	14	0	1	0	0.695127	1
30	0	0	15	0	0	1	0	0.000699532
30	0	0	15	0	0	0	0.000699532	0.115039
30	0	0	15	0	0	1	0.115039	0.144866
30	0	0	15	0	0	0	0.144866	0.208169
30	0	0	15	0	0	1	0.208169	0.349218
30	0	0	15	0	0	0	0.349218	0.369579
30	0	0	15	0	0	1	0.369579	0.424381
30	0	0	15	0	0	0	0.424381	0.52752
30	0	0	15	0	0	1	0.52752	0.857672
30	0	0	15	0	0	0	0.857672	0.874
30	0	0	15	0	0	1	0.874	0.963873
30	0	0	15	0	0	0	0.963873	0.969513
30	0	0	15	0	0	1	0.969513	1
30	0	0	15	0	1	1	0	0.0312591
30	0	0	15	0	1	0	0.0312591	0.345801
30	0	0	15	0	1	1	0.345801	0.351052
30	0	0	15	0	1	0	0.351052	0.52752
30	0	0	15	0	1	1	0.52752	0.72319
30	0	0	15	0	1	0	0.72319	0.795455
30	0	0	15	0	1	1	0.795455	0.82906
30	0	0	15	0	1	0	0.82906	0.866501
30	0	0	15	0	1	1	0.866501	1
30	0	0	16	0	0	1	0	0.662276
30	0	0	16	0	0	0	0.662276	0.763832
30	0	0	16	0	0	1	0.763832	0.844195
30	0	0	16	0	0	0	0.844195	0.845663
30	0	0	16	0	0	1	0.845663	1
30	0	0	16	0	1	1	0	0.00669421
30	0	0	16	0	1	0	0.00669421	0.106458
30	0	0	16	0	1	1	0.106458	0.175102
30	0	0	16	0	1	0	0.175102	0.181322
30	0	0	16	0	1	1	0.181322	0.428177
30	0	0	16	0	1	0	0.428177	0.595508
30	0	0	16	0	1	1	0.595508	0.626173
30	0	0	16	0	1	0	0.626173	0.660179
30	0	0	16	0	1	1	0.660179	0.786392
30	0	0	16	0	1	0	0.786392	1
30	0	0	17	0	0	1	0	0.192834
30	0	0	17	0	0	0	0.192834	0.229491
30	0	0	17	0	0	1	0.229491	0.318463
30	0	0	17	0	0	0	0.318463	0.431742
30	0	0	17	0	0	1	0.431742	0.66428
30	0	0	17	0	0	0	0.66428	0.67453
30	0	0	17	0	0	1	0.67453	0.695127
30	0	0	17	0	0	0	0.695127	0.776664
30	0	0	17	0	0	1	0.776664	0.906097
30	0	0	17	0	0	0	0.906097	1
30	0	0	17	0	1	1	0	0.000923733
30	0	0	17	0	1	0	0.000923733	0.0848167
30	0	0	17	0	1	1	0.0848167	0.428177
30	0	0	17	0	1	0	0.428177	0.500282
30	0	0	17	0	1	1	0.500282	0.669533
30	0	0	17	0	1	0	0.669533	0.673735
30	0	0	17	0	1	1	0.673735	0.946167
30	0	0	17	0	1	0	0.946167	1
30	0	0	18	0	0	1	0	0.046899
30	0	0	18	0	0	0	0.046899	0.303807
30	0	0	18	0	0	1	0.303807	0.35952
30	0	0	18	0	0	0	0.35952	0.595128
30	0	0	18	0	0	1	0.595128	0.744139
30	0	0	18	0	0	0	0.744139	0.807802
30	0	0	18	0	0	1	0.807802	1
30	0	0	18	0	1	1	0	1
30	0	0	19	0	0	1	0	0.617435
30	0	0	19	0	0	0	0.617435	0.643221
30	0	0	19	0	0	1	0.643221	1
30	0	0	19	0	1	0	0	0.252492
30	0	0	19	0	1	1	0.252492	0.284331
30	0	0	19	0	1	0	0.284331	0.54096
30	0	0	19	0	1	1	0.54096	0.693086
30	0	0	19	0	1	0	0.693086	0.814348
30	0	0	19	0	1	1	0.814348	1
30	0	0	20	0	0	0	0	0.0206807
30	0	0	20	0	0	1	0.0206807	0.0826009
30	0	0	20	0	0	0	0.0826009	0.160072
30	0	0	20	0	0	1	0.160072	0.299243
30	0	0	20	0	0	0	0.299243	0.7534
30	0	0	20	0	0	1	0.7534	0.784409
30	0	0	20	0	0	0	0.784409	0.987262
30	0	0	20	0	0	1	0.987262	1
30	0	0	20	0	1	1	0	0.322974
30	0	0	20	0	1	0	0.322974	0.417282
30	0	0	20	0	1	1	0.417282	0.991214
30	0	0	20	0	1	0	0.991214	1
30	0	0	21	0	0	0	0	1
30	0	0	21	0	1	1	0	0.378047
30	0	0	21	0	1	0	0.378047	0.848451
30	0	0	21	0	1	1	0.848451	0.852863
30	0	0	21	0	1	0	0.852863	1
30	0	0	22	0	0	1	0	0.0331673
30	0	0	22	0	0	0	0.0331673	0.0697204
30	0	0	22	0	0	1	0.0697204	0.0914841
30	0	0	22	0	0	0	0.0914841	0.369579
30	0	0	22	0	0	1	0.369579	0.424381
30	0	0	22	0	0	0	0.424381	0.551992
30	0	0	22	0	0	1	0.551992	0.559243
30	0	0	22	0	0	0	0.559243	0.612611
30	0	0	22	0	0	1	0.612611	1
30	0	0	22	0	1	1	0	1
30	0	0	23	0	0	1	0	0.00159616
30	0	0	23	0	0	0	0.00159616	0.0135064
30	0	0	23	0	0	1	0.0135064	0.0312591
30	0	0	23	0	0	0	0.0312591	0.337297
30	0	0	23	0	0	1	0.337297	0.881144
30	0	0	23	0	0	0	0.881144	1
30	0	0	23	0	1	1	0	1
30	0	0	24	0	0	0	0	0.700204
30	0	0	24	0	0	1	0.700204	0.712977
30	0	0	24	0	0	0	0.712977	0.851539
30	0	0	24	0	0	1	0.851539	0.88686
30	0	0	24	0	0	0	0.88686	0.956188
30	0	0	24	0	0	1	0.956188	1
30	0	0	24	0	1	1	0	0.617435
30	0	0	24	0	1	0	0.617435	0.63162
30	0	0	24	0	1	1	0.63162	0.669739
30	0	0	24	0	1	0	0.669739	0.674703
30	0	0	24	0	1	1	0.674703	0.744139
30	0	0	24	0	1	0	0.744139	0.807802
30	0	0	24	0	1	1	0.807802	0.88703
30	0	0	24	0	1	0	0.88703	0.920443
30	0	0	24	0	1	1	0.920443	0.948078
30	0	0	24	0	1	0	0.948078	0.95644
30	0	0	24	0	1	1	0.95644	1
30	0	0	25	0	0	0	0	0.226486
30	0	0	25	0	0	1	0.226486	0.285497
30	0	0	25	0	0	0	0.285497	0.290942
30	0	0	25	0	0	1	0.290942	0.423
30	0	0	25	0	0	0	0.423	0.602891
30	0	0	25	0	0	1	0.602891	0.881396
30	0	0	25	0	0	0	0.881396	0.894269
30	0	0	25	0	0	1	0.894269	1
30	0	0	25	0	1	0	0	0.214688
30	0	0	25	0	1	1	0.214688	0.781732
30	0	0	25	0	1	0	0.781732	0.931582
30	0	0	25	0	1	1	0.931582	0.980625
30	0	0	25	0	1	0	0.980625	1
30	0	0	26	0	0	1	0	0.0331673
30	0	0	26	0	0	0	0.0331673	0.0697204
30	0	0	26	0	0	1	0.0697204	0.0914841
30	0	0	26	0	0	0	0.0914841	0.369579
30	0	0	26	0	0	1	0.369579	0.424381
30	0	0	26	0	0	0	0.424381	0.551992
30	0	0	26	0	0	1	0.551992	0.559243
30	0	0	26	0	0	0	0.559243	0.612611
30	0	0	26	0	0	1	0.612611	0.965913
30	0	0	26	0	0	0	0.965913	1
30	0	0	26	0	1	0	0	0.000875696
30	0	0	26	0	1	1	0.000875696	0.0881777
30	0	0	26	0	1	0	0.0881777	0.192364
30	0	0	26	0	1	1	0.192364	0.355767
30	0	0	26	0	1	0	0.355767	0.470699
30	0	0	26	0	1	1	0.470699	0.53936
30	0	0	26	0	1	0	0.53936	0.896622
30	0	0	26	0	1	1	0.896622	1
30	0	0	27	0	0	1	0	0.0595677
30	0	0	27	0	0	0	0.0595677	0.0854312
30	0	0	27	0	0	1	0.0854312	0.260746
30	0	0	27	0	0	0	0.260746	1
30	0	0	27	0	1	0	0	0.106237
30	0	0	27	0	1	1	0.106237	0.254835
30	0	0	27	0	1	0	0.254835	0.265721
30	0	0	27	0	1	1	0.265721	1
30	0	0	28	0	0	0	0	0.598965
30	0	0	28	0	0	1	0.598965	0.850864
30	0	0	28	0	0	0	0.850864	1
30	0	0	28	0	1	1	0	0.0407086
30	0	0	28	0	1	0	0.0407086	0.134364
30	0	0	28	0	1	1	0.134364	0.277625
30	0	0	28	0	1	0	0.277625	0.35892
30	0	0	28	0	1	1	0.35892	0.461914
30	0	0	28	0	1	0	0.461914	1
30	0	0	29	0	0	0	0	0.0403519
30	0	0	29	0	0	1	0.0403519	0.040602
30	0	0	29	0	0	0	0.040602	0.050377
30	0	0	29	0	0	1	0.050377	0.331529
30	0	0	29	0	0	0	0.331529	0.563438
30	0	0	29	0	0	1	0.563438	0.950271
30	0	0	29	0	0	0	0.950271	1
30	0	0	29	0	1	1	0	0.540812
30	0	0	29	0	1	0	0.540812	0.557907
30	0	0	29	0	1	1	0.557907	0.626564
30	0	0	29	0	1	0	0.626564	0.973875
30	0	0	29	0	1	1	0.973875	0.991223
30	0	0	29	0	1	0	0.991223	1
30	0	0	30	0	0	0	0	1
30	0	0	30	0	1	0	0	0.229367
30	0	0	30	0	1	1	0.229367	0.412198
30	0	0	30	0	1	0	0.412198	0.4166
30	0	0	30	0	1	1	0.4166	0.501379
30	0	0	30	0	1	0	0.501379	1
30	0	0	31	0	0	0	0	0.0525208
30	0	0	31	0	0	1	0.0525208	0.274484
30	0	0	31	0	0	0	0.274484	0.366093
30	0	0	31	0	0	1	0.366093	0.519532
30	0	0	31	0	0	0	0.519532	0.756985
30	0	0	31	0	0	1	0.756985	0.987291
30	0	0	31	0	0	0	0.987291	1
30	0	0	31	0	1	1	0	0.0045038
30	0	0	31	0	1	0	0.0045038	0.795715
30	0	0	31	0	1	1	0.795715	0.898213
30	0	0	31	0	1	0	0.898213	0.961927
30	0	0	31	0	1	1	0.961927	1
30	0	0	32	0	0	0	0	0.0769825
30	0	0	32	0	0	1	0.0769825	0.179966
30	0	0	32	0	0	0	0.179966	0.216243
30	0	0	32	0	0	1	0.216243	0.246713
30	0	0	32	0	0	0	0.246713	0.408954
30	0	0	32	0	0	1	0.408954	0.633588
30	0	0	32	0	0	0	0.633588	0.651404
30	0	0	32	0	0	1	0.651404	0.659791
30	0	0	32	0	0	0	0.659791	0.758048
30	0	0	32	0	0	1	0.758048	0.874304
30	0	0	32	0	0	0	0.874304	1
30	0	0	32	0	1	0	0	1
30	0	0	33	0	0	0	0	0.0714296
30	0	0	33	0	0	1	0.0714296	0.239052
30	0	0	33	0	0	0	0.239052	0.363252
30	0	0	33	0	0	1	0.363252	0.394424
30	0	0	33	0	0	0	0.394424	0.433375
30	0	0	33	0	0	1	0.433375	0.536179
30	0	0	33	0	0	0	0.536179	1
30	0	0	33	0	1	0	0	1
30	0	0	34	0	0	1	0	0.00074586
30	0	0	34	0	0	0	0.00074586	0.266564
30	0	0	34	0	0	1	0.266564	0.400595
30	0	0	34	0	0	0	0.400595	0.671732
30	0	0	34	0	0	1	0.671732	1
30	0	0	34	0	1	1	0	0.0846823
30	0	0	34	0	1	0	0.0846823	0.169578
30	0	0	34	0	1	1	0.169578	0.243663
30	0	0	34	0	1	0	0.243663	0.795262
30	0	0	34	0	1	1	0.795262	0.84498
30	0	0	34	0	1	0	0.84498	0.860385
30	0	0	34	0	1	1	0.860385	0.881532
30	0	0	34	0	1	0	0.881532	1
30	0	0	35	0	0	1	0	0.0262258
30	0	0	35	0	0	0	0.0262258	0.166808
30	0	0	35	0	0	1	0.166808	0.371941
30	0	0	35	0	0	0	0.371941	0.438214
30	0	0	35	0	0	1	0.438214	0.730639
30	0	0	35	0	0	0	0.730639	0.810589
30	0	0	35	0	0	1	0.810589	0.940383
30	0	0	35	0	0	0	0.940383	1
30	0	0	35	0	1	0	0	0.272279
30	0	0	35	0	1	1	0.272279	0.321747
30	0	0	35	0	1	0	0.321747	0.333355
30	0	0	35	0	1	1	0.333355	0.345133
30	0	0	35	0	1	0	0.345133	0.422213
30	0	0	35	0	1	1	0.422213	0.849153
30	0	0	35	0	1	0	0.849153	1
30	0	0	36	0	0	1	0	0.288216
30	0	0	36	0	0	0	0.288216	0.646255
30	0	0	36	0	0	1	0.646255	1
30	0	0	36	0	1	0	0	1
30	0	0	37	0	0	1	0	0.153647
30	0	0	37	0	0	0	0.153647	0.474312
30	0	0	37	0	0	1	0.474312	0.545333
30	0	0	37	0	0	0	0.545333	1
30	0	0	37	0	1	0	0	0.0769825
30	0	0	37	0	1	1	0.0769825	1
30	0	0	38	0	0	1	0	0.0173615
30	0	0	38	0	0	0	0.0173615	0.296778
30	0	0	38	0	0	1	0.296778	0.962221
30	0	0	38	0	0	0	0.962221	1
30	0	0	38	0	1	1	0	0.00501381
30	0	0	38	0	1	0	0.00501381	0.0433101
30	0	0	38	0	1	1	0.0433101	0.12396
30	0	0	38	0	1	0	0.12396	0.353815
30	0	0	38	0	1	1	0.353815	0.383276
30	0	0	38	0	1	0	0.383276	0.604755
30	0	0	38	0	1	1	0.604755	0.633407
30	0	0	38	0	1	0	0.633407	0.852502
30	0	0	38	0	1	1	0.852502	1
30	0	0	39	0	0	1	0	0.328402
30	0	0	39	0	0	0	0.328402	0.953273
30	0	0	39	0	0	1	0.953273	1
30	0	0	39	0	1	1	0	0.00669421
30	0	0	39	0	1	0	0.00669421	0.106458
30	0	0	39	0	1	1	0.106458	0.175102
30	0	0	39	0	1	0	0.175102	0.181322
30	0	0	39	0	1	1	0.181322	0.428177
30	0	0	39	0	1	0	0.428177	0.595508
30	0	0	39	0	1	1	0.595508	0.626173
30	0	0	39	0	1	0	0.626173	0.660179
30	0	0	39	0	1	1	0.660179	0.786392
30	0	0	39	0	1	0	0.786392	1
30	0	0	40	0	0	1	0	1
30	0	0	40	0	1	1	0	0.0054731
30	0	0	40	0	1	0	0.0054731	0.792343
30	0	0	40	0	1	1	0.792343	0.849153
30	0	0	40	0	1	0	0.849153	1
30	0	0	41	0	0	0	0	0.352557
30	0	0	41	0	0	1	0.352557	0.771021
30	0	0	41	0	0	0	0.771021	1
30	0	0	41	0	1	1	0	0.0045038
30	0	0	41	0	1	0	0.0045038	0.482969
30	0	0	41	0	1	1	0.482969	0.490783
30	0	0	41	0	1	0	0.490783	1
30	0	0	42	0	0	1	0	1
30	0	0	42	0	1	1	0	0.428177
30	0	0	42	0	1	0	0.428177	0.631527
30	0	0	42	0	1	1	0.631527	1
30	0	0	43	0	0	1	0	0.00512818
30	0	0	43	0	0	0	0.00512818	0.5233
30	0	0	43	0	0	1	0.5233	1
30	0	0	43	0	1	1	0	0.545704
30	0	0	43	0	1	0	0.545704	0.789135
30	0	0	43	0	1	1	0.789135	0.812502
30	0	0	43	0	1	0	0.812502	0.867104
30	0	0	43	0	1	1	0.867104	0.913765
30	0	0	43	0	1	0	0.913765	1
30	0	0	44	0	0	1	0	0.0555424
30	0	0	44	0	0	0	0.0555424	0.291678
30	0	0	44	0	0	1	0.291678	0.454696
30	0	0	44	0	0	0	0.454696	0.545695
30	0	0	44	0	0	1	0.545695	1
30	0	0	44	0	1	1	0	0.129184
30	0	0	44	0	1	0	0.129184	0.319952
30	0	0	44	0	1	1	0.319952	0.461653
30	0	0	44	0	1	0	0.461653	0.855028
30	0	0	44	0	1	1	0.855028	1
30	0	0	45	0	0	1	0	0.000320466
30	0	0	45	0	0	0	0.000320466	0.050377
30	0	0	45	0	0	1	0.050377	0.331529
30	0	0	45	0	0	0	0.331529	0.60256
30	0	0	45	0	0	1	0.60256	0.773895
30	0	0	45	0	0	0	0.773895	1
30	0	0	45	0	1	0	0	0.0865688
30	0	0	45	0	1	1	0.0865688	0.107082
30	0	0	45	0	1	0	0.107082	0.109352
30	0	0	45	0	1	1	0.109352	0.37852
30	0	0	45	0	1	0	0.37852	0.563438
30	0	0	45	0	1	1	0.563438	0.950271
30	0	0	45	0	1	0	0.950271	1
30	0	0	46	0	0	1	0	0.000320466
30	0	0	46	0	0	0	0.000320466	0.050377
30	0	0	46	0	0	1	0.050377	0.208795
30	0	0	46	0	0	0	0.208795	1
30	0	0	46	0	1	1	0	1
30	0	0	47	0	0	1	0	0.0512844
30	0	0	47	0	0	0	0.0512844	0.28237
30	0	0	47	0	0	1	0.28237	0.604716
30	0	0	47	0	0	0	0.604716	0.698668
30	0	0	47	0	0	1	0.698668	0.840009
30	0	0	47	0	0	0	0.840009	0.945341
30	0	0	47	0	0	1	0.945341	1
30	0	0	47	0	1	1	0	0.0777658
30	0	0	47	0	1	0	0.0777658	0.212931
30	0	0	47	0	1	1	0.212931	0.230287
30	0	0	47	0	1	0	0.230287	0.447504
30	0	0	47	0	1	1	0.447504	0.963873
30	0	0	47	0	1	0	0.963873	1
30	0	0	48	0	0	0	0	0.488199
30	0	0	48	0	0	1	0.488199	0.521528
30	0	0	48	0	0	0	0.521528	0.943217
30	0	0	48	0	0	1	0.943217	1
30	0	0	48	0	1	1	0	0.258343
30	0	0	48	0	1	0	0.258343	0.339634
30	0	0	48	0	1	1	0.339634	0.758653
30	0	0	48	0	1	0	0.758653	0.845573
30	0	0	48	0	1	1	0.845573	0.984972
30	0	0	48	0	1	0	0.984972	1
30	0	0	49	0	0	1	0	0.0308556
30	0	0	49	0	0	0	0.0308556	0.326648
30	0	0	49	0	0	1	0.326648	0.400595
30	0	0	49	0	0	0	0.400595	0.671732
30	0	0	49	0	0	1	0.671732	0.814024
30	0	0	49	0	0	0	0.814024	0.830592
30	0	0	49	0	0	1	0.830592	0.884816
30	0	0	49	0	0	0	0.884816	0.95468
30	0	0	49	0	0	1	0.95468	1
30	0	0	49	0	1	1	0	1
30	0	0	50	0	0	1	0	1
30	0	0	50	0	1	0	0	0.166808
30	0	0	50	0	1	1	0.166808	0.375451
30	0	0	50	0	1	0	0.375451	0.643473
30	0	0	50	0	1	1	0.643473	1
30	0	0	51	0	0	0	0	0.410144
30	0	0	51	0	0	1	0.410144	0.484477
30	0	0	51	0	0	0	0.484477	0.633468
30	0	0	51	0	0	1	0.633468	1
30	0	0	51	0	1	1	0	0.0233081
30	0	0	51	0	1	0	0.0233081	0.062531
30	0	0	51	0	1	1	0.062531	0.256575
30	0	0	51	0	1	0	0.256575	0.660414
30	0	0	51	0	1	1	0.660414	0.779677
30	0	0	51	0	1	0	0.779677	1
30	0	0	52	0	0	1	0	1
30	0	0	52	0	1	0	0	0.114148
30	0	0	52	0	1	1	0.114148	0.230287
30	0	0	52	0	1	0	0.230287	0.826034
30	0	0	52	0	1	1	0.826034	1
30	0	0	53	0	0	0	0	0.0811611
30	0	0	53	0	0	1	0.0811611	0.085109
30	0	0	53	0	0	0	0.085109	0.161137
30	0	0	53	0	0	1	0.161137	0.303887
30	0	0	53	0	0	0	0.303887	0.402021
30	0	0	53	0	0	1	0.402021	0.567467
30	0	0	53	0	0	0	0.567467	0.623418
30	0	0	53	0	0	1	0.623418	0.780829
30	0	0	53	0	0	0	0.780829	1
30	0	0	53	0	1	1	0	0.109554
30	0	0	53	0	1	0	0.109554	0.41419
30	0	0	53	0	1	1	0.41419	0.646901
30	0	0	53	0	1	0	0.646901	0.654603
30	0	0	53	0	1	1	0.654603	0.881532
30	0	0	53	0	1	0	0.881532	1
30	0	0	54	0	0	1	0	1
30	0	0	54	0	1	0	0	0.156736
30	0	0	54	0	1	1	0.156736	0.179522
30	0	0	54	0	1	0	0.179522	0.323762
30	0	0	54	0	1	1	0.323762	0.517025
30	0	0	54	0	1	0	0.517025	0.826453
30	0	0	54	0	1	1	0.826453	0.859382
30	0	0	54	0	1	0	0.859382	0.890746
30	0	0	54	0	1	1	0.890746	0.974285
30	0	0	54	0	1	0	0.974285	1
30	0	0	55	0	0	1	0	0.760605
30	0	0	55	0	0	0	0.760605	0.832225
30	0	0	55	0	0	1	0.832225	0.981944
30	0	0	55	0	0	0	0.981944	1
30	0	0	55	0	1	1	0	0.0642482
30	0	0	55	0	1	0	0.0642482	0.0863928
30	0	0	55	0	1	1	0.0863928	0.106215
30	0	0	55	0	1	0	0.106215	0.22637
30	0	0	55	0	1	1	0.22637	0.22873
30	0	0	55	0	1	0	0.22873	0.487543
30	0	0	55	0	1	1	0.487543	0.592439
30	0	0	55	0	1	0	0.592439	0.607713
30	0	0	55	0	1	1	0.607713	0.614218
30	0	0	55	0	1	0	0.614218	1
30	0	0	56	0	0	1	0	0.296298
30	0	0	56	0	0	0	0.296298	0.3265
30	0	0	56	0	0	1	0.3265	0.361538
30	0	0	56	0	0	0	0.361538	0.392138
30	0	0	56	0	0	1	0.392138	0.909613
30	0	0	56	0	0	0	0.909613	1
30	0	0	56	0	1	0	0	0.363386
30	0	0	56	0	1	1	0.363386	0.412198
30	0	0	56	0	1	0	0.412198	0.4166
30	0	0	56	0	1	1	0.4166	0.501379
30	0	0	56	0	1	0	0.501379	0.770862
30	0	0	56	0	1	1	0.770862	0.850141
30	0	0	56	0	1	0	0.850141	1
30	0	0	57	0	0	1	0	0.0643095
30	0	0	57	0	0	0	0.0643095	0.0737353
30	0	0	57	0	0	1	0.0737353	0.325418
30	0	0	57	0	0	0	0.325418	0.551992
30	0	0	57	0	0	1	0.551992	0.793599
30	0	0	57	0	0	0	0.793599	1
30	0	0	57	0	1	0	0	0.074473
30	0	0	57	0	1	1	0.074473	0.269485
30	0	0	57	0	1	0	0.269485	0.289851
30	0	0	57	0	1	1	0.289851	0.378221
30	0	0	57	0	1	0	0.378221	0.392138
30	0	0	57	0	1	1	0.392138	0.491808
30	0	0	57	0	1	0	0.491808	0.973047
30	0	0	57	0	1	1	0.973047	1
30	0	0	58	0	0	1	0	0.230287
30	0	0	58	0	0	0	0.230287	0.272279
30	0	0	58	0	0	1	0.272279	0.321747
30	0	0	58	0	0	0	0.321747	0.382599
30	0	0	58	0	0	1	0.382599	0.521528
30	0	0	58	0	0	0	0.521528	0.608751
30	0	0	58	0	0	1	0.608751	0.723995
30	0	0	58	0	0	0	0.723995	0.913232
30	0	0	58	0	0	1	0.913232	1
30	0	0	58	0	1	0	0	0.256961
30	0	0	58	0	1	1	0.256961	0.51747
30	0	0	58	0	1	0	0.51747	0.72238
30	0	0	58	0	1	1	0.72238	0.812502
30	0	0	58	0	1	0	0.812502	0.996869
30	0	0	58	0	1	1	0.996869	1
30	0	0	59	0	0	1	0	0.0595677
30	0	0	59	0	0	0	0.0595677	0.0854312
30	0	0	59	0	0	1	0.0854312	0.6812
30	0	0	59	0	0	0	0.6812	0.834288
30	0	0	59	0	0	1	0.834288	0.931751
30	0	0	59	0	0	0	0.931751	0.935109
30	0	0	59	0	0	1	0.935109	0.946619
30	0	0	59	0	0	0	0.946619	0.960497
30	0	0	59	0	0	1	0.960497	1
30	0	0	59	0	1	0	0	0.128598
30	0	0	59	0	1	1	0.128598	0.902642
30	0	0	59	0	1	0	0.902642	0.976275
30	0	0	59	0	1	1	0.976275	1
30	0	0	60	0	0	0	0	0.369579
30	0	0	60	0	0	1	0.369579	0.655791
30	0	0	60	0	0	0	0.655791	0.676521
30	0	0	60	0	0	1	0.676521	0.684957
30	0	0	60	0	0	0	0.684957	0.800379
30	0	0	60	0	0	1	0.800379	0.800685
30	0	0	60	0	0	0	0.800685	1
30	0	0	60	0	1	1	0	0.245093
30	0	0	60	0	1	0	0.245093	0.40979
30	0	0	60	0	1	1	0.40979	1
30	0	0	61	0	0	1	0	0.191116
30	0	0	61	0	0	0	0.191116	0.496109
30	0	0	61	0	0	1	0.496109	0.525659
30	0	0	61	0	0	0	0.525659	0.551002
30	0	0	61	0	0	1	0.551002	0.63475
30	0	0	61	0	0	0	0.63475	1
30	0	0	61	0	1	1	0	0.0283871
30	0	0	61	0	1	0	0.0283871	0.272796
30	0	0	61	0	1	1	0.272796	0.317479
30	0	0	61	0	1	0	0.317479	0.436744
30	0	0	61	0	1	1	0.436744	0.467412
30	0	0	61	0	1	0	0.467412	0.483709
30	0	0	61	0	1	1	0.483709	0.574911
30	0	0	61	0	1	0	0.574911	1
30	0	0	62	0	0	1	0	0.00159616
30	0	0	62	0	0	0	0.00159616	0.0135064
30	0	0	62	0	0	1	0.0135064	0.0312591
30	0	0	62	0	0	0	0.0312591	0.337297
30	0	0	62	0	0	1	0.337297	0.881144
30	0	0	62	0	0	0	0.881144	1
30	0	0	62	0	1	1	0	1
30	0	0	63	0	0	1	0	0.0894688
30	0	0	63	0	0	0	0.0894688	0.309474
30	0	0	63	0	0	1	0.309474	0.724696
30	0	0	63	0	0	0	0.724696	0.777891
30	0	0	63	0	0	1	0.777891	0.914186
30	0	0	63	0	0	0	0.914186	0.952165
30	0	0	63	0	0	1	0.952165	1
30	0	0	63	0	1	0	0	0.224102
30	0	0	63	0	1	1	0.224102	0.786279
30	0	0	63	0	1	0	0.786279	0.839796
30	0	0	63	0	1	1	0.839796	1
30	0	0	64	0	0	1	0	0.0185709
30	0	0	64	0	0	0	0.0185709	0.0697204
30	0	0	64	0	0	1	0.0697204	0.0914841
30	0	0	64	0	0	0	0.0914841	0.382024
30	0	0	64	0	0	1	0.382024	0.403766
30	0	0	64	0	0	0	0.403766	0.686024
30	0	0	64	0	0	1	0.686024	0.830049
30	0	0	64	0	0	0	0.830049	0.845573
30	0	0	64	0	0	1	0.845573	0.914481
30	0	0	64	0	0	0	0.914481	1
30	0	0	64	0	1	0	0	0.223562
30	0	0	64	0	1	1	0.223562	0.881982
30	0	0	64	0	1	0	0.881982	0.916048
30	0	0	64	0	1	1	0.916048	1
30	0	0	65	0	0	1	0	0.258343
30	0	0	65	0	0	0	0.258343	0.339634
30	0	0	65	0	0	1	0.339634	0.980239
30	0	0	65	0	0	0	0.980239	1
30	0	0	65	0	1	1	0	0.0449987
30	0	0	65	0	1	0	0.0449987	0.0805888
30	0	0	65	0	1	1	0.0805888	0.180516
30	0	0	65	0	1	0	0.180516	0.202419
30	0	0	65	0	1	1	0.202419	0.357545
30	0	0	65	0	1	0	0.357545	0.487543
30	0	0	65	0	1	1	0.487543	0.592439
30	0	0	65	0	1	0	0.592439	0.712724
30	0	0	65	0	1	1	0.712724	0.742332
30	0	0	65	0	1	0	0.742332	0.985111
30	0	0	65	0	1	1	0.985111	1
30	0	0	66	0	0	1	0	0.153975
30	0	0	66	0	0	0	0.153975	0.166808
30	0	0	66	0	0	1	0.166808	0.545704
30	0	0	66	0	0	0	0.545704	0.58307
30	0	0	66	0	0	1	0.58307	0.674891
30	0	0	66	0	0	0	0.674891	0.852621
30	0	0	66	0	0	1	0.852621	0.878459
30	0	0	66	0	0	0	0.878459	1
30	0	0	66	0	1	0	0	0.172145
30	0	0	66	0	1	1	0.172145	0.587363
30	0	0	66	0	1	0	0.587363	0.674105
30	0	0	66	0	1	1	0.674105	0.690353
30	0	0	66	0	1	0	0.690353	1
30	0	0	67	0	0	1	0	0.0752195
30	0	0	67	0	0	0	0.0752195	0.529021
30	0	0	67	0	0	1	0.529021	0.620688
30	0	0	67	0	0	0	0.620688	0.772431
30	0	0	67	0	0	1	0.772431	0.819627
30	0	0	67	0	0	0	0.819627	0.953929
30	0	0	67	0	0	1	0.953929	1
30	0	0	67	0	1	0	0	1
30	0	0	68	0	0	0	0	0.261279
30	0	0	68	0	0	1	0.261279	0.378047
30	0	0	68	0	0	0	0.378047	0.494924
30	0	0	68	0	0	1	0.494924	0.737192
30	0	0	68	0	0	0	0.737192	1
30	0	0	68	0	1	0	0	0.138932
30	0	0	68	0	1	1	0.138932	0.239052
30	0	0	68	0	1	0	0.239052	0.389552
30	0	0	68	0	1	1	0.389552	0.448234
30	0	0	68	0	1	0	0.448234	0.682144
30	0	0	68	0	1	1	0.682144	0.712188
30	0	0	68	0	1	0	0.712188	0.73691
30	0	0	68	0	1	1	0.73691	0.739214
30	0	0	68	0	1	0	0.739214	1
30	0	0	69	0	0	0	0	0.0295055
30	0	0	69	0	0	1	0.0295055	0.695127
30	0	0	69	0	0	0	0.695127	0.716819
30	0	0	69	0	0	1	0.716819	0.719245
30	0	0	69	0	0	0	0.719245	0.816435
30	0	0	69	0	0	1	0.816435	1
30	0	0	69	0	1	1	0	0.639256
30	0	0	69	0	1	0	0.639256	0.858409
30	0	0	69	0	1	1	0.858409	0.958585
30	0	0	69	0	1	0	0.958585	1
30	0	0	70	0	0	0	0	0.406155
30	0	0	70	0	0	1	0.406155	0.44547
30	0	0	70	0	0	0	0.44547	0.4878
30	0	0	70	0	0	1	0.4878	0.578369
30	0	0	70	0	0	0	0.578369	0.917328
30	0	0	70	0	0	1	0.917328	1
30	0	0	70	0	1	1	0	0.200767
30	0	0	70	0	1	0	0.200767	0.289144
30	0	0	70	0	1	1	0.289144	0.360331
30	0	0	70	0	1	0	0.360331	1
30	0	0	71	0	0	0	0	0.0294964
30	0	0	71	0	0	1	0.0294964	0.192075
30	0	0	71	0	0	0	0.192075	0.220006
30	0	0	71	0	0	1	0.220006	0.24059
30	0	0	71	0	0	0	0.24059	0.406096
30	0	0	71	0	0	1	0.406096	1
30	0	0	71	0	1	1	0	0.085109
30	0	0	71	0	1	0	0.085109	0.130564
30	0	0	71	0	1	1	0.130564	0.246713
30	0	0	71	0	1	0	0.246713	0.503932
30	0	0	71	0	1	1	0.503932	0.727609
30	0	0	71	0	1	0	0.727609	0.837144
30	0	0	71	0	1	1	0.837144	0.84138
30	0	0	71	0	1	0	0.84138	0.928024
30	0	0	71	0	1	1	0.928024	1
30	0	0	72	0	0	0	0	0.203155
30	0	0	72	0	0	1	0.203155	0.231598
30	0	0	72	0	0	0	0.231598	0.25238
30	0	0	72	0	0	1	0.25238	0.709382
30	0	0	72	0	0	0	0.709382	0.732235
30	0	0	72	0	0	1	0.732235	1
30	0	0	72	0	1	0	0	0.32139
30	0	0	72	0	1	1	0.32139	0.329591
30	0	0	72	0	1	0	0.329591	0.417282
30	0	0	72	0	1	1	0.417282	1
30	0	0	73	0	0	1	0	0.0756725
30	0	0	73	0	0	0	0.0756725	0.227058
30	0	0	73	0	0	1	0.227058	0.243385
30	0	0	73	0	0	0	0.243385	0.545182
30	0	0	73	0	0	1	0.545182	0.594915
30	0	0	73	0	0	0	0.594915	0.651944
30	0	0	73	0	0	1	0.651944	0.851223
30	0	0	73	0	0	0	0.851223	1
30	0	0	73	0	1	1	0	0.191116
30	0	0	73	0	1	0	0.191116	0.482969
30	0	0	73	0	1	1	0.482969	0.490783
30	0	0	73	0	1	0	0.490783	1
30	0	0	74	0	0	0	0	0.0244402
30	0	0	74	0	0	1	0.0244402	0.19517
30	0	0	74	0	0	0	0.19517	0.345801
30	0	0	74	0	0	1	0.345801	0.351052
30	0	0	74	0	0	0	0.351052	0.52752
30	0	0	74	0	0	1	0.52752	0.681315
30	0	0	74	0	0	0	0.681315	0.795455
30	0	0	74	0	0	1	0.795455	0.82906
30	0	0	74	0	0	0	0.82906	0.866501
30	0	0	74	0	0	1	0.866501	1
30	0	0	74	0	1	1	0	0.0964216
30	0	0	74	0	1	0	0.0964216	0.13472
30	0	0	74	0	1	1	0.13472	0.870174
30	0	0	74	0	1	0	0.870174	0.991423
30	0	0	74	0	1	1	0.991423	1
30	0	0	75	0	0	0	0	0.0294964
30	0	0	75	0	0	1	0.0294964	0.153988
30	0	0	75	0	0	0	0.153988	0.208848
30	0	0	75	0	0	1	0.208848	0.373663
30	0	0	75	0	0	0	0.373663	0.389765
30	0	0	75	0	0	1	0.389765	0.672256
30	0	0	75	0	0	0	0.672256	0.733793
30	0	0	75	0	0	1	0.733793	1
30	0	0	75	0	1	1	0	0.127326
30	0	0	75	0	1	0	0.127326	0.273465
30	0	0	75	0	1	1	0.273465	0.797914
30	0	0	75	0	1	0	0.797914	1
30	0	0	76	0	0	0	0	0.030795
30	0	0	76	0	0	1	0.030795	0.119186
30	0	0	76	0	0	0	0.119186	0.481371
30	0	0	76	0	0	1	0.481371	1
30	0	0	76	0	1	0	0	0.128598
30	0	0	76	0	1	1	0.128598	0.153644
30	0	0	76	0	1	0	0.153644	0.157612
30	0	0	76	0	1	1	0.157612	0.403956
30	0	0	76	0	1	0	0.403956	0.503932
30	0	0	76	0	1	1	0.503932	1
30	0	0	77	0	0	1	0	0.248311
30	0	0	77	0	0	0	0.248311	0.272796
30	0	0	77	0	0	1	0.272796	0.317479
30	0	0	77	0	0	0	0.317479	0.395882
30	0	0	77	0	0	1	0.395882	0.658075
30	0	0	77	0	0	0	0.658075	0.981159
30	0	0	77	0	0	1	0.981159	0.988119
30	0	0	77	0	0	0	0.988119	1
30	0	0	77	0	1	1	0	0.00766521
30	0	0	77	0	1	0	0.00766521	0.211981
30	0	0	77	0	1	1	0.211981	0.238972
30	0	0	77	0	1	0	0.238972	0.352679
30	0	0	77	0	1	1	0.352679	0.86833
30	0	0	77	0	1	0	0.86833	1
30	0	0	78	0	0	0	0	0.0206807
30	0	0	78	0	0	1	0.0206807	0.0906559
30	0	0	78	0	0	0	0.0906559	0.19413
30	0	0	78	0	0	1	0.19413	0.662785
30	0	0	78	0	0	0	0.662785	0.711075
30	0	0	78	0	0	1	0.711075	0.783709
30	0	0	78	0	0	0	0.783709	0.892347
30	0	0	78	0	0	1	0.892347	1
30	0	0	78	0	1	1	0	0.0588022
30	0	0	78	0	1	0	0.0588022	0.0714296
30	0	0	78	0	1	1	0.0714296	0.11749
30	0	0	78	0	1	0	0.11749	0.389552
30	0	0	78	0	1	1	0.389552	0.448234
30	0	0	78	0	1	0	0.448234	0.682144
30	0	0	78	0	1	1	0.682144	0.881532
30	0	0	78	0	1	0	0.881532	1
30	0	0	79	0	0	1	0	0.0126241
30	0	0	79	0	0	0	0.0126241	0.795455
30	0	0	79	0	0	1	0.795455	0.82906
30	0	0	79	0	0	0	0.82906	0.910326
30	0	0	79	0	0	1	0.910326	1
30	0	0	79	0	1	0	0	0.118741
30	0	0	79	0	1	1	0.118741	0.235941
30	0	0	79	0	1	0	0.235941	0.696114
30	0	0	79	0	1	1	0.696114	0.76709
30	0	0	79	0	1	0	0.76709	0.767408
30	0	0	79	0	1	1	0.767408	0.875415
30	0	0	79	0	1	0	0.875415	1
30	0	0	80	0	0	0	0	0.252595
30	0	0	80	0	0	1	0.252595	0.500485
30	0	0	80	0	0	0	0.500485	1
30	0	0	80	0	1	0	0	0.114148
30	0	0	80	0	1	1	0.114148	0.230287
30	0	0	80	0	1	0	0.230287	0.439515
30	0	0	80	0	1	1	0.439515	0.487477
30	0	0	80	0	1	0	0.487477	0.631543
30	0	0	80	0	1	1	0.631543	0.726371
30	0	0	80	0	1	0	0.726371	0.916366
30	0	0	80	0	1	1	0.916366	0.925333
30	0	0	80	0	1	0	0.925333	1
30	0	0	81	0	0	1	0	0.0479895
30	0	0	81	0	0	0	0.0479895	0.0991268
30	0	0	81	0	0	1	0.0991268	0.109554
30	0	0	81	0	0	0	0.109554	0.426601
30	0	0	81	0	0	1	0.426601	0.540812
30	0	0	81	0	0	0	0.540812	0.557907
30	0	0	81	0	0	1	0.557907	0.626564
30	0	0	81	0	0	0	0.626564	0.987765
30	0	0	81	0	0	1	0.987765	1
30	0	0	81	0	1	1	0	0.087156
30	0	0	81	0	1	0	0.087156	0.160072
30	0	0	81	0	1	1	0.160072	0.182023
30	0	0	81	0	1	0	0.182023	0.229791
30	0	0	81	0	1	1	0.229791	0.299243
30	0	0	81	0	1	0	0.299243	0.406466
30	0	0	81	0	1	1	0.406466	1
30	0	0	82	0	0	0	0	0.283389
30	0	0	82	0	0	1	0.283389	0.947152
30	0	0	82	0	0	0	0.947152	1
30	0	0	82	0	1	1	0	0.0964216
30	0	0	82	0	1	0	0.0964216	0.202634
30	0	0	82	0	1	1	0.202634	0.243385
30	0	0	82	0	1	0	0.243385	0.545182
30	0	0	82	0	1	1	0.545182	0.594915
30	0	0	82	0	1	0	0.594915	0.651944
30	0	0	82	0	1	1	0.651944	0.817911
30	0	0	82	0	1	0	0.817911	0.939213
30	0	0	82	0	1	1	0.939213	1
30	0	0	83	0	0	0	0	0.394062
30	0	0	83	0	0	1	0.394062	0.438857
30	0	0	83	0	0	0	0.438857	0.526614
30	0	0	83	0	0	1	0.526614	0.730639
30	0	0	83	0	0	0	0.730639	1
30	0	0	83	0	1	0	0	0.400617
30	0	0	83	0	1	1	0.400617	0.545704
30	0	0	83	0	1	0	0.545704	0.72238
30	0	0	83	0	1	1	0.72238	0.791239
30	0	0	83	0	1	0	0.791239	0.893394
30	0	0	83	0	1	1	0.893394	1
30	0	0	84	0	0	0	0	0.529021
30	0	0	84	0	0	1	0.529021	0.620688
30	0	0	84	0	0	0	0.620688	0.772431
30	0	0	84	0	0	1	0.772431	0.819627
30	0	0	84	0	0	0	0.819627	0.953929
30	0	0	84	0	0	1	0.953929	1
30	0	0	84	0	1	0	0	0.264288
30	0	0	84	0	1	1	0.264288	0.28996
30	0	0	84	0	1	0	0.28996	0.449703
30	0	0	84	0	1	1	0.449703	0.549677
30	0	0	84	0	1	0	0.549677	0.735384
30	0	0	84	0	1	1	0.735384	0.814024
30	0	0	84	0	1	0	0.814024	0.830592
30	0	0	84	0	1	1	0.830592	1
30	0	0	85	0	0	1	0	0.230782
30	0	0	85	0	0	0	0.230782	0.235599
30	0	0	85	0	0	1	0.235599	0.27828
30	0	0	85	0	0	0	0.27828	0.345539
30	0	0	85	0	0	1	0.345539	0.361538
30	0	0	85	0	0	0	0.361538	0.392138
30	0	0	85	0	0	1	0.392138	0.431403
30	0	0	85	0	0	0	0.431403	0.449703
30	0	0	85	0	0	1	0.449703	0.549677
30	0	0	85	0	0	0	0.549677	0.716819
30	0	0	85	0	0	1	0.716819	0.719245
30	0	0	85	0	0	0	0.719245	0.740537
30	0	0	85	0	0	1	0.740537	0.772245
30	0	0	85	0	0	0	0.772245	0.933379
30	0	0	85	0	0	1	0.933379	1
30	0	0	85	0	1	0	0	0.126126
30	0	0	85	0	1	1	0.126126	0.875415
30	0	0	85	0	1	0	0.875415	1
30	0	0	86	0	0	1	0	0.0964216
30	0	0	86	0	0	0	0.0964216	0.150933
30	0	0	86	0	0	1	0.150933	0.172441
30	0	0	86	0	0	0	0.172441	0.186161
30	0	0	86	0	0	1	0.186161	1
30	0	0	86	0	1	0	0	0.212931
30	0	0	86	0	1	1	0.212931	0.230287
30	0	0	86	0	1	0	0.230287	0.40901
30	0	0	86	0	1	1	0.40901	0.693086
30	0	0	86	0	1	0	0.693086	0.814348
30	0	0	86	0	1	1	0.814348	1
30	0	0	87	0	0	0	0	0.144341
30	0	0	87	0	0	1	0.144341	0.177885
30	0	0	87	0	0	0	0.177885	0.876312
30	0	0	87	0	0	1	0.876312	0.921564
30	0	0	87	0	0	0	0.921564	0.952165
30	0	0	87	0	0	1	0.952165	0.979077
30	0	0	87	0	0	0	0.979077	0.983718
30	0	0	87	0	0	1	0.983718	1
30	0	0	87	0	1	0	0	0.272796
30	0	0	87	0	1	1	0.272796	0.310727
30	0	0	87	0	1	0	0.310727	0.410231
30	0	0	87	0	1	1	0.410231	0.538918
30	0	0	87	0	1	0	0.538918	0.573367
30	0	0	87	0	1	1	0.573367	0.640744
30	0	0	87	0	1	0	0.640744	0.799497
30	0	0	87	0	1	1	0.799497	0.831566
30	0	0	87	0	1	0	0.831566	0.976275
30	0	0	87	0	1	1	0.976275	1
30	0	0	88	0	0	0	0	0.023397
30	0	0	88	0	0	1	0.023397	0.078954
30	0	0	88	0	0	0	0.078954	0.242506
30	0	0	88	0	0	1	0.242506	0.246428
30	0	0	88	0	0	0	0.246428	0.256643
30	0	0	88	0	0	1	0.256643	0.28003
30	0	0	88	0	0	0	0.28003	0.470813
30	0	0	88	0	0	1	0.470813	0.521528
30	0	0	88	0	0	0	0.521528	0.943217
30	0	0	88	0	0	1	0.943217	1
30	0	0	88	0	1	1	0	0.138959
30	0	0	88	0	1	0	0.138959	0.177899
30	0	0	88	0	1	1	0.177899	0.348996
30	0	0	88	0	1	0	0.348996	0.416403
30	0	0	88	0	1	1	0.416403	0.422149
30	0	0	88	0	1	0	0.422149	0.472162
30	0	0	88	0	1	1	0.472162	0.479686
30	0	0	88	0	1	0	0.479686	0.605588
30	0	0	88	0	1	1	0.605588	0.734656
30	0	0	88	0	1	0	0.734656	0.776194
30	0	0	88	0	1	1	0.776194	1
30	0	0	89	0	0	0	0	0.179895
30	0	0	89	0	0	1	0.179895	0.467412
30	0	0	89	0	0	0	0.467412	0.483709
30	0	0	89	0	0	1	0.483709	0.875415
30	0	0	89	0	0	0	0.875415	0.968334
30	0	0	89	0	0	1	0.968334	1
30	0	0	89	0	1	1	0	0.260746
30	0	0	89	0	1	0	0.260746	1
30	0	0	90	0	0	0	0	0.0295055
30	0	0	90	0	0	1	0.0295055	0.695127
30	0	0	90	0	0	0	0.695127	0.716819
30	0	0	90	0	0	1	0.716819	0.719245
30	0	0	90	0	0	0	0.719245	0.816435
30	0	0	90	0	0	1	0.816435	1
30	0	0	90	0	1	0	0	0.154073
30	0	0	90	0	1	1	0.154073	0.386901
30	0	0	90	0	1	0	0.386901	0.402151
30	0	0	90	0	1	1	0.402151	0.407452
30	0	0	90	0	1	0	0.407452	0.479531
30	0	0	90	0	1	1	0.479531	0.797914
30	0	0	90	0	1	0	0.797914	1
30	0	0	91	0	0	1	0	0.0316016
30	0	0	91	0	0	0	0.0316016	0.14168
30	0	0	91	0	0	1	0.14168	0.233221
30	0	0	91	0	0	0	0.233221	0.254028
30	0	0	91	0	0	1	0.254028	0.676424
30	0	0	91	0	0	0	0.676424	0.866526
30	0	0	91	0	0	1	0.866526	0.980239
30	0	0	91	0	0	0	0.980239	1
30	0	0	91	0	1	1	0	0.087156
30	0	0	91	0	1	0	0.087156	0.160072
30	0	0	91	0	1	1	0.160072	0.182023
30	0	0	91	0	1	0	0.182023	0.229791
30	0	0	91	0	1	1	0.229791	0.299243
30	0	0	91	0	1	0	0.299243	0.406466
30	0	0	91	0	1	1	0.406466	1
30	0	0	92	0	0	1	0	0.0680864
30	0	0	92	0	0	0	0.0680864	0.136016
30	0	0	92	0	0	1	0.136016	0.328132
30	0	0	92	0	0	0	0.328132	0.470341
30	0	0	92	0	0	1	0.470341	0.483896
30	0	0	92	0	0	0	0.483896	0.535307
30	0	0	92	0	0	1	0.535307	0.712977
30	0	0	92	0	0	0	0.712977	0.738065
30	0	0	92	0	0	1	0.738065	0.809675
30	0	0	92	0	0	0	0.809675	0.825419
30	0	0	92	0	0	1	0.825419	1
30	0	0	92	0	1	1	0	1
30	0	0	93	0	0	1	0	0.0454996
30	0	0	93	0	0	0	0.0454996	1
30	0	0	93	0	1	1	0	0.0671922
30	0	0	93	0	1	0	0.0671922	0.740507
30	0	0	93	0	1	1	0.740507	0.758653
30	0	0	93	0	1	0	0.758653	0.845573
30	0	0	93	0	1	1	0.845573	0.980239
30	0	0	93	0	1	0	0.980239	1
30	0	0	94	0	0	1	0	1
30	0	0	94	0	1	0	0	0.0525208
30	0	0	94	0	1	1	0.0525208	0.11712
30	0	0	94	0	1	0	0.11712	0.150449
30	0	0	94	0	1	1	0.150449	0.160756
30	0	0	94	0	1	0	0.160756	0.368224
30	0	0	94	0	1	1	0.368224	0.75194
30	0	0	94	0	1	0	0.75194	0.884622
30	0	0	94	0	1	1	0.884622	1
30	0	0	95	0	0	0	0	0.0525208
30	0	0	95	0	0	1	0.0525208	0.11712
30	0	0	95	0	0	0	0.11712	0.150449
30	0	0	95	0	0	1	0.150449	0.160756
30	0	0	95	0	0	0	0.160756	0.211623
30	0	0	95	0	0	1	0.211623	0.325418
30	0	0	95	0	0	0	0.325418	0.858409
30	0	0	95	0	0	1	0.858409	0.942097
30	0	0	95	0	0	0	0.942097	1
30	0	0	95	0	1	1	0	0.509966
30	0	0	95	0	1	0	0.509966	0.651404
30	0	0	95	0	1	1	0.651404	0.659791
30	0	0	95	0	1	0	0.659791	0.758048
30	0	0	95	0	1	1	0.758048	1
30	0	0	96	0	0	0	0	0.0987409
30	0	0	96	0	0	1	0.0987409	0.104179
30	0	0	96	0	0	0	0.104179	0.118789
30	0	0	96	0	0	1	0.118789	0.246713
30	0	0	96	0	0	0	0.246713	0.408954
30	0	0	96	0	0	1	0.408954	0.691428
30	0	0	96	0	0	0	0.691428	0.87671
30	0	0	96	0	0	1	0.87671	0.881144
30	0	0	96	0	0	0	0.881144	1
30	0	0	96	0	1	1	0	0.642947
30	0	0	96	0	1	0	0.642947	0.907889
30	0	0	96	0	1	1	0.907889	1
30	0	0	97	0	0	0	0	1
30	0	0	97	0	1	0	0	1
30	0	0	98	0	0	0	0	1
30	0	0	98	0	1	0	0	1
30	0	0	99	0	0	0	0	1
30	0	0	99	0	1	0	0	1
30	0	0	100	0	0	1	0	1
30	0	0	100	0	1	1	0	1
